R0
6.37296e+08
h
1
steepness
0
initR
1.89988e+08
M
 0.3 0.3 0.3 0.3 0.3 0.3 0.3 0.3 0.3 0.3 0.3 0.3 0.3 0.3 0.3
initial age structure
 1 0.740818 0.548812 0.40657 0.301194 0.22313 0.165299 0.122456 0.090718 0.0672055 0.0497871 0.0368832 0.0273237 0.0202419 0.0578574
q survey
0.820645	0.805174	 0.884262 1 0.137352

year 	 catch 	 est catch
1964	1126	1125.77
1965	2749	2745.52
1966	8932	8912.51
1967	6276	6276.15
1968	6164	6166.21
1969	17553	17586.4
1970	9343	9346.19
1971	9458	9459.78
1972	34081	34138.7
1973	36836	36894.5
1974	61880	62041.5
1975	59512	59607.2
1976	86527	86547.1
1977	118356	118589
1978	96935	96853.5
1979	105748	105700
1980	114622	114749
1981	147744	148267
1982	168740	169325
1983	215608	216943
1984	307401	312820
1985	284826	291227
1986	87809	87903.4
1987	69751	69372.4
1988	65739	65186.4
1989	78392	77898.6
1990	90744	90535
1991	100488	100723
1992	90857	90719.9
1993	108908	108027
1994	107335	105402
1995	72618	71354
1996	51263	50569.3
1997	90130	88315.3
1998	125098	122283
1999	95590	94605.1
2000	73080	72867.4
2001	72076	72278.7
2002	51937	52300.8
2003	50666	51084.2
2004	63934	64082.3
2005	80846	80458.8
2006	71976	71887.3
2007	53062	53395.8
2008	52500	52721.1
2009	44003	43998.2
2010	76860	76658.4
2011	81307	81100.8
2012	103991	103489
2013	113099	112880

survey 1 BS biomass estimates
1981	2.786	0.2	1.19992
1983	2.278	0.2	1.20833
1984	1.757	0.2	1.03174
1985	1.176	0.2	0.853694
1986	0.586	0.2	0.704273
1988	0.302	0.2	0.590933
1989	0.29	0.2	0.614912
1990	0.375	0.2	0.583634
1991	0.38	0.2	0.601947

survey 1 EK biomass estimates
1992	0.713429	0.2	0.639867
1993	0.435753	0.2	0.706703
1994	0.492593	0.2	0.679704
1995	0.763612	0.2	0.528703
1996	0.777172	0.2	0.446917
1997	0.583017	0.2	0.396873
1998	0.504774	0.2	0.34504
2000	0.448638	0.2	0.290865
2001	0.432749	0.2	0.272101
2002	0.256743	0.2	0.276212
2003	0.317269	0.2	0.29286
2004	0.330753	0.2	0.319217
2005	0.356117	0.2	0.310403
2006	0.293609	0.2	0.275186
2007	0.180881	0.2	0.268549

survey 1 Dyson biomass estimates
2008	0.208032	0.2	0.409759
2009	0.265971	0.2	0.495976
2010	0.42973	0.2	0.696391
2012	0.33584	0.2	0.658525
2013	0.89126	0.2	0.646505

survey 2 biomass estimates
1984	0.720548	0.136962	1.38564
1987	0.73266	0.195571	0.961037
1990	0.825609	0.117027	0.839661
1993	0.755786	0.159024	0.841037
1996	0.666521	0.145985	0.656588
1999	0.607409	0.383779	0.35264
2001	0.219072	0.297659	0.354526
2003	0.398469	0.120117	0.358151
2005	0.358017	0.153661	0.333787
2007	0.282356	0.13852	0.355406
2009	0.669505	0.152453	0.568089
2011	0.667131	0.145764	0.609752
2013	0.957817	0.210864	0.665313

survey 3 biomass estimates
1989	0.21443	0.25	0.194457
1990	0.11445	0.25	0.168778
1992	0.12736	0.25	0.188147
1993	0.13285	0.25	0.185576
1994	0.10342	0.25	0.163506
1996	0.12248	0.25	0.120471
1997	0.09373	0.25	0.104727
1998	0.08122	0.25	0.094349
1999	0.05359	0.25	0.083251
2000	0.10287	0.25	0.0764085
2001	0.08697	0.25	0.0703447
2002	0.096237	0.25	0.0675638
2003	0.066989	0.25	0.0777654
2004	0.099358	0.25	0.0825846
2005	0.079089	0.25	0.0727407
2006	0.069044	0.25	0.0643611
2007	0.076674	0.25	0.0600693
2008	0.083476	0.25	0.0765343
2009	0.145438	0.25	0.116653
2010	0.12411	0.25	0.129847
2011	0.100839	0.25	0.134311
2012	0.172007	0.25	0.130687
2013	0.102406	0.25	0.114094

Selectivity at age
fishery A	 0.000904258 0.00673168 0.0483028 0.27554 0.74101 0.956523 0.994785 0.999732 1 0.999639 0.999195 0.998739 0.998281 0.997824 0.997366
fishery B	 0.000904258 0.00673168 0.0483028 0.27554 0.74101 0.956523 0.994785 0.999732 1 0.999639 0.999195 0.998739 0.998281 0.997824 0.997366
fishery C	 0.000904258 0.00673168 0.0483028 0.27554 0.74101 0.956523 0.994785 0.999732 1 0.999639 0.999195 0.998739 0.998281 0.997824 0.997366
fishery D	 0.000904258 0.00673168 0.0483028 0.27554 0.74101 0.956523 0.994785 0.999732 1 0.999639 0.999195 0.998739 0.998281 0.997824 0.997366
survey 1	 0.62291 1 0.947812 0.880647 0.798006 0.701765 0.596614 0.48944 0.387668 0.297319 0.221783 0.161734 0.115881 0.0819346 0.0573728
survey 2	 0.321578 0.185097 0.269506 0.388739 0.549171 0.742403 0.92232 1 0.915911 0.719931 0.510067 0.341284 0.222076 0.142676 0.0911461
survey 3	 0.00949803 0.0665397 0.346361 0.797535 0.966979 0.995429 0.999384 0.999918 0.99999 1 1 1 1 1 1
fishery	 0.00198975 0.0204735 0.18035 0.707654 0.977265 1 0.963432 0.864789 0.668788 0.406086 0.191454 0.076324 0.0280992 0.0100237 0.00353458

Fishery selectivity deviances
a1	 0.419982 0.419983 0.419988 0.419992 0.419992 0.419989 0.419984 0.419979 -0.0532803 -0.0532811 -0.053282 -0.0532841 -0.0532866 -0.0532881 -0.0532921 -0.0532913 -0.0532901 -0.0532869 -0.0535083 -0.0535062 -0.0535036 -0.0535011 -0.0535033 -0.0535036 -0.0535042 0.506057 0.506058 0.506058 0.506051 0.506049 0.506049 0.50605 0.506052 0.506051 0.506046 0.506047 0.506049 -0.413233 -0.41324 -0.413249 -0.413258 -0.41326 -0.413262 -0.863684 -0.863674 -0.863666 -0.863657 -0.863649 -0.863641 -0.863641
b1	 0.884525 0.884525 0.884525 0.884525 0.884525 0.884525 0.884525 0.884525 0.0606914 0.0606913 0.0606913 0.0606912 0.060691 0.0606909 0.0606907 0.0606906 0.0606903 0.0606905 -0.302764 -0.302763 -0.302763 -0.302763 -0.302763 -0.302763 -0.302763 -0.282528 -0.282528 -0.282528 -0.282528 -0.282529 -0.282529 -0.282529 -0.282529 -0.282529 -0.28253 -0.28253 -0.28253 -0.332752 -0.332752 -0.332753 -0.332754 -0.332754 -0.332754 -0.0252738 -0.025273 -0.0252726 -0.0252722 -0.0252718 -0.0252714 -0.0252714
a2	 -2.72865 -2.72865 -2.72865 -2.72865 -2.72865 -2.72865 -2.72865 -2.72865 -0.200527 -0.200527 -0.200527 -0.200527 -0.200527 -0.200527 -0.200527 -0.200527 -0.200526 -0.200526 -1.07898 -1.07898 -1.07898 -1.07898 -1.07898 -1.07898 -1.07898 1.71733 1.71733 1.71733 1.71733 1.71733 1.71733 1.71733 1.71733 1.71733 1.71733 1.71733 1.71733 0.278578 0.278577 0.278575 0.278573 0.278571 0.278571 1.30113 1.30113 1.30113 1.30113 1.30113 1.30113 1.30113
b2	 -0.296851 -0.296851 -0.296851 -0.296851 -0.296851 -0.296851 -0.296851 -0.296851 0.0290952 0.0290952 0.0290952 0.0290952 0.0290952 0.0290952 0.0290952 0.0290952 0.0290952 0.0290952 0.352752 0.352752 0.352752 0.352752 0.352752 0.352752 0.352752 -0.0628054 -0.0628054 -0.0628054 -0.0628054 -0.0628054 -0.0628054 -0.0628053 -0.0628053 -0.0628051 -0.0628051 -0.0628051 -0.062805 -0.213191 -0.213191 -0.213191 -0.213191 -0.213191 -0.213191 0.235342 0.235342 0.235342 0.235342 0.235342 0.235342 0.235342

Fishing mortality
 0.0151369 0.0375123 0.127716 0.0943457 0.0941222 0.300151 0.139964 0.0806267 0.139859 0.149048 0.233534 0.177092 0.202436 0.216954 0.200255 0.152803 0.112862 0.101159 0.0888054 0.105477 0.176465 0.231761 0.0975734 0.0767029 0.0640225 0.0645882 0.08004 0.112504 0.10326 0.108248 0.096898 0.0732843 0.0666147 0.142718 0.232796 0.195288 0.153947 0.157948 0.121251 0.101889 0.118174 0.152549 0.154009 0.107872 0.0782265 0.0501243 0.0701294 0.0776333 0.097461 0.11409

Year	TotBio	SpBio	Age 3+ Bio	Numbers-at-age
1964	0.30596	0.0768258	0.287214	 1.72146e+08 1.27529e+08 9.44756e+07 6.99892e+07 5.18493e+07 3.84109e+07 2.84555e+07 2.10804e+07 1.56167e+07 1.15691e+07 8.57063e+06 6.34928e+06 4.70366e+06 3.48456e+06 9.9599e+06
1965	0.304435	0.0761645	0.285688	 1.71824e+08 1.27529e+08 9.44756e+07 6.99865e+07 5.15066e+07 3.78339e+07 2.81038e+07 2.08937e+07 1.55312e+07 1.15346e+07 8.55777e+06 6.34471e+06 4.70208e+06 3.48401e+06 9.95947e+06
1966	0.300946	0.0743727	0.282235	 1.36744e+08 1.2729e+08 9.44755e+07 6.99825e+07 5.10021e+07 3.67522e+07 2.71773e+07 2.03658e+07 1.52693e+07 1.14208e+07 8.5133e+06 6.32845e+06 4.69635e+06 3.48204e+06 9.95811e+06
1967	0.285878	0.0706948	0.270987	 3.71084e+08 1.01303e+08 9.4299e+07 6.99663e+07 4.9023e+07 3.32532e+07 2.45143e+07 1.86776e+07 1.44046e+07 1.10299e+07 8.35426e+06 6.26861e+06 4.67491e+06 3.47456e+06 9.95308e+06
1968	0.298252	0.0683054	0.257841	 6.67343e+08 2.74906e+08 7.50468e+07 6.98415e+07 4.97336e+07 3.30475e+07 2.2797e+07 1.71811e+07 1.33713e+07 1.04741e+07 8.09501e+06 6.16128e+06 4.63415e+06 3.45989e+06 9.94477e+06
1969	0.366882	0.0648931	0.294208	 1.82498e+08 4.9438e+08 2.03655e+08 5.55826e+07 4.96497e+07 3.35339e+07 2.26602e+07 1.59796e+07 1.2301e+07 9.72321e+06 7.6873e+06 5.97015e+06 4.55483e+06 3.42973e+06 9.92775e+06
1970	0.408717	0.062491	0.388843	 3.7953e+08 1.35198e+08 3.66245e+08 1.50756e+08 3.61028e+07 2.72442e+07 1.94129e+07 1.40723e+07 1.06173e+07 8.58806e+06 6.99183e+06 5.61417e+06 4.39332e+06 3.36386e+06 9.88702e+06
1971	0.445715	0.0748735	0.404384	 5.07382e+08 2.81162e+08 1.00157e+08 2.71224e+08 1.0504e+08 2.32523e+07 1.79904e+07 1.32458e+07 9.90916e+06 7.65091e+06 6.27447e+06 5.14531e+06 4.14613e+06 3.24995e+06 9.8126e+06
1972	0.486341	0.0896454	0.431087	 6.26406e+08 3.75878e+08 2.0829e+08 7.41829e+07 1.93953e+08 7.17876e+07 1.61216e+07 1.27108e+07 9.52999e+06 7.22486e+06 5.62278e+06 4.63045e+06 3.8049e+06 3.06898e+06 9.67477e+06
1973	0.530173	0.0947371	0.461972	 2.0831e+09 4.63953e+08 2.77742e+08 1.50343e+08 4.95048e+07 1.25123e+08 4.62403e+07 1.04486e+07 8.37099e+06 6.47188e+06 5.09539e+06 4.07651e+06 3.40251e+06 2.81065e+06 9.43614e+06
1974	0.749951	0.0958759	0.523153	 4.73617e+08 1.54284e+09 3.42764e+08 2.00131e+08 9.96429e+07 3.16476e+07 7.9858e+07 2.97067e+07 6.82812e+06 5.6524e+06 4.54961e+06 3.68891e+06 2.99387e+06 2.51294e+06 9.06794e+06
1975	0.919202	0.0997843	0.867643	 3.127e+08 3.50738e+08 1.13807e+09 2.43133e+08 1.24529e+08 5.85938e+07 1.85622e+07 4.73237e+07 1.80812e+07 4.3746e+06 3.85719e+06 3.25111e+06 2.69592e+06 2.2073e+06 8.57247e+06
1976	0.959314	0.134994	0.92527	 1.89633e+09 2.31591e+08 2.58988e+08 8.15786e+08 1.57801e+08 7.74319e+07 3.63625e+07 1.16097e+07 3.02048e+07 1.1998e+07 3.04508e+06 2.78043e+06 2.38379e+06 1.98993e+06 7.98109e+06
1977	1.01657	0.16765	0.810124	 2.81467e+09 1.4044e+09 1.7093e+08 1.84774e+08 5.19542e+08 9.56913e+07 4.68505e+07 2.21985e+07 7.25366e+06 1.97293e+07 8.27746e+06 2.18646e+06 2.03567e+06 1.75862e+06 7.38172e+06
1978	1.30239	0.172035	0.995977	 3.07115e+09 2.08446e+09 1.03626e+09 1.2162e+08 1.16406e+08 3.10561e+08 5.70639e+07 2.8207e+07 1.3701e+07 4.6954e+06 1.3542e+07 5.93015e+06 1.59944e+06 1.50136e+06 6.76647e+06
1979	1.80513	0.184231	1.47078	 5.20686e+09 2.27447e+09 1.53853e+09 7.39616e+08 7.75811e+07 7.07416e+07 1.88317e+08 3.4909e+07 1.76559e+07 8.96148e+06 3.24186e+06 9.72684e+06 4.34226e+06 1.18003e+06 6.12096e+06
1980	2.58601	0.247936	2.01911	 3.00024e+09 3.85643e+09 1.68024e+09 1.10784e+09 4.88822e+08 4.94125e+07 4.49806e+07 1.20549e+08 2.27411e+07 1.18941e+07 6.29144e+06 2.34565e+06 7.14202e+06 3.20674e+06 5.4061e+06
1981	3.28449	0.252555	2.95781	 7.94547e+08 2.22225e+09 2.85099e+09 1.21889e+09 7.54356e+08 3.23882e+08 3.26989e+07 2.99145e+07 8.12145e+07 1.57051e+07 8.46845e+06 4.58033e+06 1.72633e+06 5.27869e+06 6.37756e+06
1982	3.49715	0.364779	3.41064	 8.78364e+08 5.88524e+08 1.64322e+09 2.0727e+09 8.37266e+08 5.05637e+08 2.16853e+08 2.19912e+07 2.03529e+07 5.64968e+07 1.12279e+07 6.17639e+06 3.37327e+06 1.27624e+06 8.63121e+06
1983	3.21288	0.54148	3.11602	 7.54929e+08 6.50061e+08 4.33655e+08 1.18853e+09 1.44414e+09 5.70093e+08 3.42754e+08 1.47799e+08 1.52959e+07 1.46298e+07 4.14754e+07 8.29947e+06 4.57326e+06 2.49869e+06 7.33956e+06
1984	2.70183	0.621993	2.61859	 8.37904e+08 5.58605e+08 4.78517e+08 3.12253e+08 8.18622e+08 9.67868e+08 3.80057e+08 2.2998e+08 1.01591e+08 1.09327e+07 1.07217e+07 3.06451e+07 6.1447e+06 3.3875e+06 7.28826e+06
1985	2.18203	0.585993	2.08972	 3.06895e+09 6.1951e+08 4.09434e+08 3.38024e+08 2.04779e+08 5.12871e+08 6.01021e+08 2.38569e+08 1.50309e+08 7.0882e+07 7.95425e+06 7.90801e+06 2.26796e+07 4.55107e+06 7.90861e+06
1986	2.08378	0.510345	1.71415	 9.09338e+08 2.26764e+09 4.52559e+08 2.84944e+08 2.13373e+08 1.21731e+08 3.01347e+08 3.58187e+08 1.49919e+08 1.02922e+08 5.12804e+07 5.85875e+06 5.85066e+06 1.67964e+07 9.23004e+06
1987	2.10324	0.453586	1.99355	 2.62454e+08 6.72919e+08 1.67003e+09 3.2656e+08 1.97335e+08 1.44081e+08 8.17972e+07 2.03703e+08 2.4759e+08 1.07442e+08 7.54892e+07 3.78972e+07 4.33785e+06 4.33373e+06 1.92805e+07
1988	2.00166	0.440644	1.97	 6.26334e+08 1.94264e+08 4.96205e+08 1.21187e+09 2.29439e+08 1.35918e+08 9.88566e+07 5.63868e+07 1.42908e+08 1.78702e+08 7.89731e+07 5.5817e+07 2.80627e+07 3.21324e+06 1.74937e+07
1989	1.91226	0.472321	1.83436	 2.54814e+09 4.63667e+08 1.43358e+08 3.61307e+08 8.58941e+08 1.59945e+08 9.44463e+07 6.89627e+07 3.9916e+07 1.03591e+08 1.31521e+08 5.84115e+07 4.13352e+07 2.07876e+07 1.534e+07
1990	1.91313	0.448466	1.59607	 1.5542e+09 1.88725e+09 3.43013e+08 1.05415e+08 2.6022e+08 6.03098e+08 1.11239e+08 6.55913e+07 4.79485e+07 2.78541e+07 7.28732e+07 9.38005e+07 4.23218e+07 3.03016e+07 2.66777e+07
1991	1.93647	0.440653	1.7431	 6.15997e+08 1.15103e+09 1.39569e+09 2.51777e+08 7.54112e+07 1.80383e+08 4.13155e+08 7.6069e+07 4.49175e+07 3.29841e+07 1.93534e+07 5.15025e+07 6.76026e+07 3.09469e+07 4.20486e+07
1992	2.17795	0.404453	2.1036	 4.04413e+08 4.56149e+08 8.50635e+08 1.02064e+09 1.77581e+08 5.08845e+07 1.19711e+08 2.73505e+08 5.04578e+07 2.99841e+07 2.23296e+07 1.34191e+07 3.67061e+07 4.91724e+07 5.38108e+07
1993	1.94831	0.44017	1.8995	 2.45831e+08 2.9948e+08 3.3717e+08 6.22711e+08 7.22773e+08 1.20747e+08 3.40761e+07 7.99836e+07 1.83075e+08 3.3972e+07 2.04495e+07 1.55671e+07 9.59432e+06 2.67393e+07 7.59304e+07
1994	1.63603	0.495712	1.60636	 2.95843e+08 1.82042e+08 2.21342e+08 2.46685e+08 4.4002e+08 4.89425e+08 8.04682e+07 2.26543e+07 5.32767e+07 1.22692e+08 2.3077e+07 1.42147e+07 1.1111e+07 6.9835e+06 7.57552e+07
1995	1.38566	0.452751	1.36463	 1.42409e+09 2.19086e+08 1.34578e+08 1.62153e+08 1.75178e+08 3.00779e+08 3.29801e+08 5.4107e+07 1.52591e+07 3.60818e+07 8.41049e+07 1.61485e+07 1.01854e+07 8.10242e+06 6.11177e+07
1996	1.23105	0.408776	1.1298	 6.01458e+08 1.0547e+09 1.62046e+08 9.88592e+07 1.16343e+08 1.22115e+08 2.07416e+08 2.27058e+08 3.72996e+07 1.05627e+07 2.52062e+07 5.96772e+07 1.16654e+07 7.45603e+06 5.11626e+07
1997	1.18811	0.354804	1.14535	 2.57099e+08 4.4546e+08 7.80218e+08 1.19129e+08 7.11372e+07 8.1552e+07 8.47608e+07 1.43755e+08 1.57555e+08 2.59796e+07 7.41845e+06 1.79556e+07 4.32087e+07 8.54872e+06 4.33346e+07
1998	1.0708	0.275421	1.0432	 2.44579e+08 1.90362e+08 3.28987e+08 5.68571e+08 8.29212e+07 4.68115e+07 5.25466e+07 5.44409e+07 9.25668e+07 1.02273e+08 1.71672e+07 5.05311e+06 1.26647e+07 3.12747e+07 3.8255e+07
1999	0.881475	0.254242	0.855225	 2.46763e+08 1.81031e+08 1.40315e+08 2.37268e+08 3.80499e+08 5.06343e+07 2.76194e+07 3.08428e+07 3.20873e+07 5.52796e+07 6.28772e+07 1.10899e+07 3.45544e+06 9.03336e+06 5.09743e+07
2000	0.786229	0.241072	0.763395	 1.22904e+09 1.82673e+08 1.33545e+08 1.01635e+08 1.61406e+08 2.39693e+08 3.09907e+07 1.68311e+07 1.88609e+07 1.98392e+07 3.50223e+07 4.15247e+07 7.682e+06 2.47975e+06 4.41735e+07
2001	0.799295	0.23878	0.703748	 1.16316e+09 9.0997e+08 1.34877e+08 9.71932e+07 7.03982e+07 1.05227e+08 1.52756e+08 1.96827e+07 1.0719e+07 1.21164e+07 1.29923e+07 2.36985e+07 2.91761e+07 5.55012e+06 3.44102e+07
2002	0.952369	0.202825	0.821016	 1.79369e+08 8.58518e+08 6.6204e+08 9.35627e+07 6.33283e+07 4.46732e+07 6.65647e+07 9.72206e+07 1.27103e+07 7.0994e+06 8.30012e+06 9.19229e+06 1.71498e+07 2.13793e+07 2.95294e+07
2003	0.99477	0.185209	0.968137	 1.49576e+08 1.32505e+08 6.27236e+08 4.66316e+08 6.28083e+07 4.16584e+07 2.93157e+07 4.38861e+07 6.48166e+07 8.64023e+06 4.95258e+06 5.93559e+06 6.68843e+06 1.25987e+07 3.76195e+07
2004	0.871202	0.182921	0.850862	 1.13176e+08 1.10545e+08 9.70232e+07 4.45376e+08 3.18001e+08 4.21078e+07 2.78717e+07 1.9691e+07 2.97554e+07 4.46702e+07 6.08559e+06 3.56172e+06 4.33124e+06 4.92012e+06 3.71353e+07
2005	0.73367	0.229112	0.719707	 4.69088e+08 8.36121e+07 8.07934e+07 6.84271e+07 2.99728e+08 2.09818e+08 2.77173e+07 1.84303e+07 1.31631e+07 2.02713e+07 3.12097e+07 4.35584e+06 2.59273e+06 3.18254e+06 3.10985e+07
2006	0.678287	0.236103	0.623576	 1.11809e+09 3.46274e+08 6.08687e+07 5.61713e+07 4.47811e+07 1.9121e+08 1.33445e+08 1.77324e+07 1.19575e+07 8.7516e+06 1.39237e+07 2.21163e+07 3.15469e+06 1.90059e+06 2.53379e+07
2007	0.726136	0.213545	0.602337	 9.74781e+08 8.2533e+08 2.52042e+08 4.22931e+07 3.67169e+07 2.8527e+07 1.21433e+08 8.52528e+07 1.14901e+07 7.94185e+06 6.00682e+06 9.8626e+06 1.60141e+07 2.31229e+06 2.01333e+07
2008	1.04963	0.211181	0.891754	 1.39326e+09 7.20876e+08 6.02266e+08 1.74692e+08 2.83025e+07 2.44312e+07 1.89723e+07 8.07918e+07 5.68141e+07 7.70189e+06 5.41558e+06 4.23156e+06 7.15965e+06 1.17897e+07 1.66182e+07
2009	1.62246	0.211286	1.32558	 5.4605e+08 1.03085e+09 5.28229e+08 4.25143e+08 1.20216e+08 1.93963e+07 1.67372e+07 1.30011e+07 5.54303e+07 3.91441e+07 5.37293e+06 3.86819e+06 3.08903e+06 5.28004e+06 2.103e+07
2010	1.62121	0.291214	1.51693	 2.02234e+08 4.04196e+08 7.58335e+08 3.79402e+08 3.0042e+08 8.47241e+07 1.36666e+07 1.17952e+07 9.16925e+06 3.91989e+07 2.79033e+07 3.88837e+06 2.83874e+06 2.28178e+06 1.94845e+07
2011	1.44701	0.347255	1.41304	 6.33133e+08 1.49649e+08 2.96514e+08 5.37995e+08 2.6309e+08 2.0755e+08 5.85143e+07 9.44116e+06 8.15707e+06 6.36509e+06 2.75162e+07 2.00059e+07 2.84283e+06 2.09447e+06 1.61186e+07
2012	1.38852	0.375669	1.28218	 1.62548e+08 4.68448e+08 1.09666e+08 2.09388e+08 3.70434e+08 1.80408e+08 1.42272e+08 4.01216e+07 6.48124e+06 5.6232e+06 4.44239e+06 1.96595e+07 1.46059e+07 2.09658e+06 1.34866e+07
2013	1.21001	0.40875	1.18272	 4.15676e+09 1.20229e+08 3.42338e+08 7.65003e+07 1.41504e+08 2.49053e+08 1.21239e+08 9.56436e+07 2.70123e+07 4.38655e+06 3.86527e+06 3.14472e+06 1.42995e+07 1.07595e+07 1.15377e+07
2014	1.74064	0.362328	1.05827	 1.0338e+09 3.07372e+09 8.76582e+07 2.36369e+08 5.08947e+07 9.35748e+07 1.64609e+08 8.01643e+07 6.33511e+07 1.80024e+07 2.97695e+06 2.71504e+06 2.28021e+06 1.05236e+07 1.64994e+07

Fishery c-a-a, actual
1964	 0.13917 0.10736 0.42823 0.29583 0.00358 0.00557 0.02028
1965	 0.11082 0.36791 0.3227 0.16312 0.03546 0 0
1966	 0.03551 0.11083 0.28133 0.31745 0.05116 0.11469 0.08902
1967	 0.0001 0.04079 0.3881 0.13209 0.05636 0.11798 0.26458
1968	 0.00353 0 0.45541 0.3267 0.03491 0.0549 0.12455
1969	 0.02005 0.02254 0.28232 0.59182 0.01602 0.02269 0.04456
1970	 0.02389 0.27124 0.58161 0.04843 0.06405 0.00177 0.00902
1971	 0.29665 0.46724 0.12528 0.11082 0 0 0
1972	 0.0042 0.02553 0.08652 0.26337 0.21787 0.35184 0.05068
1974	 0.02947 0.28761 0.49601 0.1235 0.05465 0.00876
1975	 0.3285 0.20608 0.34301 0.02296 0.03706 0.0624
1976	 0.00963 0.1221 0.54827 0.19711 0.08258 0.01774 0.01134 0.00965 0.00156
1977	 0.01659 0.04224 0.14255 0.53647 0.18154 0.04983 0.01275 0.01068 0.00734
1978	 0.06894 0.27328 0.1033 0.14928 0.2933 0.07258 0.02364 0.00769 0.00799
1979	 0.0144 0.27776 0.43437 0.08048 0.05762 0.095 0.02856 0.00721 0.00458
1980	 0.11041 0.15192 0.33431 0.21001 0.06484 0.04937 0.04584 0.02229 0.011
1981	 0.01442 0.16676 0.39065 0.25354 0.10726 0.02576 0.02553 0.01443 0.00165
1982	 0.03486 0.18133 0.32899 0.23417 0.1771 0.03416 0.00434 0.00302 0.00203
1983	 0.00933 0.05291 0.28208 0.35202 0.17282 0.10771 0.01891 0.00318 0.00105
1984	 0.00597 0.07277 0.08555 0.26635 0.37642 0.13791 0.04258 0.01194 0.00052
1985	 0.03517 0.0152 0.09134 0.1161 0.23654 0.3546 0.11327 0.02982 0.00797
1986	 0.10595 0.23215 0.11549 0.21841 0.08352 0.09933 0.11167 0.03348
1987	 0.13087 0.20798 0.1186 0.10223 0.09542 0.10647 0.06219 0.17625
1988	 0.04193 0.27148 0.35171 0.15581 0.06659 0.04498 0.02118 0.0463
1989	 0.01541 0.01675 0.22096 0.32915 0.19318 0.09222 0.0542 0.0193 0.05883
1990	 0.03537 0.03067 0.03828 0.12136 0.51652 0.16698 0.06264 0.01379 0.0144
1991	 0.00732 0.12117 0.06818 0.03571 0.06675 0.33381 0.0391 0.32796
1992	 0.0302 0.05095 0.46256 0.12914 0.03678 0.08015 0.1787 0.00933 0.02218
1993	 0.01612 0.07648 0.17711 0.38511 0.12755 0.05313 0.05106 0.06913 0.04431
1994	 0.01156 0.03962 0.0849 0.31682 0.2763 0.10763 0.04268 0.04054 0.07995
1995	 0.00096 0.01559 0.07909 0.17836 0.39979 0.18707 0.04627 0.02357 0.0693
1996	 0.0293 0.03158 0.02569 0.08048 0.11762 0.2961 0.24368 0.07213 0.10343
1997	 0.01554 0.09753 0.05471 0.04753 0.0958 0.14635 0.23962 0.17759 0.12533
1998	 0.00435 0.19594 0.27 0.11159 0.04927 0.05559 0.08419 0.11084 0.11824
1999	 0.00416 0.02215 0.22756 0.36133 0.08999 0.06896 0.03726 0.05711 0.13149
2000	 0.01584 0.04266 0.05222 0.22042 0.37043 0.09385 0.07602 0.03465 0.09391
2001	 0.15059 0.09131 0.10172 0.13052 0.17447 0.20011 0.06552 0.03745 0.0483
2002	 0.18299 0.30401 0.09921 0.06563 0.12833 0.07883 0.08887 0.01946 0.03268
2003	 0.04179 0.31673 0.33854 0.07856 0.04801 0.0687 0.05545 0.03811 0.01411
2004	 0.08081 0.13501 0.36079 0.28428 0.06773 0.02755 0.02983 0.00869 0.00532
2005	 0.02732 0.06199 0.07972 0.48013 0.2529 0.07103 0.00866 0.01055 0.00771
2006	 0.14867 0.06191 0.04089 0.08878 0.40737 0.19036 0.03641 0.01233 0.01328
2007	 0.36055 0.13641 0.04594 0.04231 0.06555 0.18643 0.12248 0.02909 0.01122
2008	 0.12993 0.43107 0.13284 0.04231 0.02274 0.04465 0.10994 0.05583 0.03068
2009	 0.14552 0.32617 0.29596 0.08387 0.02607 0.01585 0.02092 0.04177 0.04386
2010	 0.06941 0.30603 0.27942 0.23765 0.04817 0.01456 0.00954 0.01203 0.0232
2011	 0.03098 0.15145 0.33313 0.25965 0.16319 0.03698 0.00759 0.00478 0.01225
2012	 0.00845 0.05647 0.16424 0.36307 0.26084 0.10878 0.02368 0.00529 0.00919

Fishery c-a-a, estimated
1964	 6.36148e-05 0.0138164 0.219677 0.336705 0.217353 0.117733 0.0946507
1965	 6.46054e-05 0.0139737 0.221684 0.336119 0.215824 0.117285 0.0950499
1966	 6.76306e-05 0.0143942 0.226856 0.334304 0.212496 0.115879 0.0960029
1967	 6.86854e-05 0.0150929 0.237161 0.339228 0.20481 0.110247 0.0933916
1968	 6.8714e-05 0.01487 0.239772 0.347176 0.205432 0.104988 0.0876937
1969	 0.000190457 0.0159087 0.211706 0.354508 0.216573 0.110964 0.0901494
1970	 0.000229717 0.0325492 0.427721 0.244838 0.149503 0.0797789 0.06538
1971	 4.28224e-05 0.0271218 0.438922 0.364613 0.0951837 0.0405264 0.0335898
1972	 0.0237711 0.10229 0.165708 0.421669 0.182825 0.0513937 0.0523435
1974	 0.218844 0.295642 0.190635 0.087166 0.128293 0.0794205
1975	 0.351975 0.270143 0.177785 0.086839 0.038211 0.0750472
1976	 0.00965332 0.0854018 0.574821 0.176616 0.0792279 0.0360763 0.0150915 0.0151676 0.00794517
1977	 0.0379555 0.0453983 0.188745 0.498601 0.137811 0.0516713 0.0221803 0.00826916 0.00936894
1978	 0.0617273 0.231088 0.114117 0.156179 0.29985 0.089778 0.0293616 0.0113296 0.00656989
1979	 0.0486019 0.244481 0.398006 0.0803835 0.0663657 0.111867 0.035947 0.00975013 0.00459769
1980	 0.0459433 0.182061 0.408519 0.234939 0.0436187 0.0272228 0.0404238 0.0134077 0.00386444
1981	 0.0228091 0.210229 0.331696 0.262768 0.118223 0.0230743 0.011339 0.014143 0.00571885
1982	 0.0176987 0.146144 0.391371 0.229876 0.140057 0.0593489 0.0112883 0.00237233 0.00184341
1983	 0.0157849 0.0476654 0.25295 0.370812 0.178092 0.093043 0.0345886 0.00603794 0.00102564
1984	 0.0186459 0.0519369 0.0977067 0.283019 0.320007 0.145101 0.0622415 0.018351 0.00299114
1985	 0.042471 0.0644091 0.119714 0.119185 0.252309 0.255419 0.105084 0.0328824 0.00852597
1986	 0.11055 0.0930377 0.14027 0.137598 0.106478 0.185203 0.158844 0.06802
1987	 0.0429897 0.320455 0.167523 0.13328 0.0997718 0.0683615 0.0904741 0.0771436
1988	 0.0151607 0.113004 0.494513 0.157156 0.0877754 0.0573008 0.0313643 0.0437259
1989	 0.0140926 0.0172314 0.138494 0.42684 0.133211 0.0663071 0.045212 0.0349751 0.123637
1990	 0.0386232 0.0325614 0.0480263 0.195037 0.388273 0.122515 0.052681 0.0341329 0.0881506
1991	 0.0293926 0.142678 0.096515 0.0682258 0.172364 0.289744 0.0989256 0.102156
1992	 0.012038 0.0967679 0.334499 0.123467 0.0536593 0.10718 0.165868 0.0609788 0.045542
1993	 0.00651304 0.03902 0.216206 0.38498 0.106395 0.0364857 0.063833 0.0919133 0.0546539
1994	 0.00482165 0.0246689 0.10239 0.289054 0.328928 0.0907942 0.0278749 0.0431163 0.0883529
1995	 0.0106163 0.0186611 0.0747856 0.154395 0.279219 0.275023 0.0811081 0.0229616 0.0832309
1996	 0.0319429 0.0253621 0.0581626 0.117894 0.15799 0.243829 0.228326 0.07184 0.064654
1997	 0.0200432 0.129277 0.0783302 0.0862556 0.110412 0.130421 0.18777 0.168869 0.088622
1998	 0.00957875 0.0750026 0.333846 0.108851 0.0676085 0.0721655 0.0822567 0.111128 0.139563
1999	 0.0085434 0.033316 0.182028 0.4101 0.101702 0.0447487 0.0440809 0.0484631 0.127018
2000	 0.0171973 0.0320527 0.0938607 0.251282 0.353756 0.0905532 0.0332165 0.0305446 0.0975368
2001	 0.219154 0.0947028 0.12236 0.114707 0.167555 0.18996 0.0512083 0.0139827 0.0263706
2002	 0.155452 0.365103 0.110947 0.0820225 0.0654631 0.0874285 0.0922031 0.0266988 0.0146816
2003	 0.0314011 0.304823 0.394026 0.0868718 0.0463711 0.0349932 0.0427981 0.0412182 0.0174974
2004	 0.0198708 0.0690656 0.404089 0.328471 0.071873 0.0310653 0.0221932 0.0240335 0.0293382
2005	 0.0332102 0.0522451 0.109344 0.392533 0.277905 0.0651057 0.0237471 0.0155469 0.0303637
2006	 0.129721 0.0513063 0.0837084 0.110652 0.313102 0.216083 0.0540514 0.0164666 0.0249095
2007	 0.223916 0.242062 0.0695147 0.0571685 0.0661812 0.166787 0.120233 0.0336832 0.0204532
2008	 0.156712 0.411046 0.18221 0.0402953 0.0272475 0.0328193 0.0750367 0.0538634 0.0207703
2009	 0.144661 0.291382 0.32994 0.109448 0.023996 0.0144349 0.0176664 0.0359622 0.0325096
2010	 0.0562892 0.342209 0.263919 0.20577 0.0685507 0.0155201 0.00842649 0.00975067 0.0295653
2011	 0.0294099 0.156775 0.369778 0.208865 0.148387 0.0516829 0.0120019 0.00573494 0.0173658
2012	 0.0665314 0.0705621 0.191868 0.311829 0.175672 0.119473 0.0433584 0.0100666 0.01064

Survey 1 age composition, actual
1981	 0.00767 0.34394 0.14927 0.07599 0.27525 0.10393 0.02074 0.0127 0.00785 0.00266
1983	 0.00023 0.17305 0.07296 0.24886 0.22468 0.13397 0.11491 0.02524 0.00278 0.00331
1984	 0.02106 0.01989 0.11082 0.04838 0.21688 0.33749 0.15356 0.07662 0.01401 0.00129
1985	 0.49117 0.12784 0.02881 0.07391 0.04239 0.08152 0.10316 0.03914 0.01003 0.00202
1986	 0.17166 0.63096 0.05478 0.01361 0.02248 0.01472 0.0257 0.04456 0.01797 0.00355
1987	 0.0753 0.2549 0.5584 0.029 0.0166 0.012 0.0161 0.012 0.021 0.0047
1988	 0.01377 0.0868 0.54826 0.25435 0.06125 0.01342 0.0045 0.00442 0.00314 0.01008
1989	 0.35691 0.07998 0.08042 0.19839 0.22219 0.03521 0.0105 0.00342 0.00168 0.01129
1990	 0.02757 0.67908 0.04023 0.03556 0.06505 0.10104 0.026 0.01259 0.0046 0.00828
1991	 0.01981 0.15654 0.49571 0.04337 0.05848 0.06274 0.10485 0.02132 0.02653 0.01065
1992	 0.17032 0.02516 0.05492 0.14049 0.27486 0.06282 0.06348 0.12786 0.02443 0.05566
1993	 0.08557 0.10287 0.0501 0.09788 0.31475 0.17061 0.0362 0.04818 0.05236 0.04149
1994	 0.25494 0.04903 0.06758 0.04352 0.21252 0.11457 0.05824 0.03732 0.06093 0.10134
1995	 0.89594 0.04278 0.00665 0.00651 0.00866 0.02055 0.0102 0.00449 0.00139 0.00282
1996	 0.01395 0.8218 0.02955 0.00624 0.01341 0.01765 0.04996 0.02945 0.00989 0.00809
1997	 0.03772 0.09816 0.66813 0.04291 0.00987 0.0236 0.02773 0.05228 0.02826 0.01132
1998	 0.27751 0.06213 0.08812 0.33287 0.09552 0.00998 0.0224 0.02547 0.05199 0.03402
2000	 0.78106 0.1315 0.03771 0.00276 0.0117 0.02293 0.00293 0.0022 0.00172 0.00549
2001	 0.05859 0.83223 0.07133 0.01237 0.00843 0.00466 0.00702 0.00265 0.00126 0.00146
2002	 0.0057 0.11416 0.77726 0.0678 0.01141 0.01133 0.00541 0.00477 0.00103 0.00115
2003	 0.04184 0.07321 0.16973 0.65582 0.04624 0.00629 0.00338 0.00129 0.00119 0.00101
2004	 0.06743 0.12046 0.07384 0.20468 0.45693 0.06256 0.00342 0.00438 0.00426 0.00204
2005	 0.72218 0.06994 0.02466 0.01538 0.07672 0.07212 0.016 0.0016 0.00106 0.00034
2006	 0.13044 0.6744 0.03287 0.00931 0.01405 0.04516 0.06048 0.02601 0.00557 0.00171
2007	 0.09299 0.40249 0.30374 0.05152 0.01761 0.03 0.05974 0.03622 0.00267 0.00302
2008	 0.65141 0.18628 0.11883 0.02532 0.00572 0.00103 0.00194 0.00507 0.00318 0.00121
2009	 0.18119 0.65747 0.06016 0.05387 0.03286 0.00541 0.00158 0.00047 0.00277 0.00422
2010	 0.07727 0.26223 0.45624 0.07248 0.06773 0.02447 0.01011 0.00469 0.00451 0.02028
2012	 0.07628 0.68419 0.03495 0.06178 0.07696 0.03715 0.02347 0.00361 0.00091 0.00071
2013	 0.82476 0.01949 0.10477 0.00794 0.00898 0.01489 0.0085 0.00641 0.00155 0.00272

Survey 1 age composition, estimated
1981	 0.0713108 0.306165 0.354519 0.146072 0.0783747 0.0306933 0.00552463 0.00243632 0.00315513 0.00174858
1983	 0.109255 0.147787 0.102826 0.233409 0.238402 0.0975779 0.0458571 0.0175457 0.00362689 0.0037126
1984	 0.152503 0.161313 0.127854 0.0880584 0.176981 0.171485 0.0719331 0.0321851 0.0123826 0.00530423
1985	 0.451433 0.146052 0.0903162 0.0662092 0.0434291 0.0771146 0.0722074 0.0314571 0.0138437 0.00793758
1986	 0.141596 0.52708 0.105491 0.0587193 0.0386248 0.0244896 0.039286 0.0362253 0.0166553 0.0118328
1987	 0.0530042 0.217277 0.460933 0.0974597 0.0481262 0.0299166 0.0189689 0.0279929 0.0255889 0.0207329
1988	 0.150037 0.0786799 0.191903 0.370534 0.0848186 0.03694 0.0219647 0.0139709 0.0192137 0.0319384
1989	 0.457646 0.132505 0.0435589 0.0982419 0.171428 0.0433366 0.0167154 0.00954322 0.00608791 0.0209375
1990	 0.244389 0.45567 0.0824636 0.026973 0.0545882 0.0866051 0.024205 0.00830374 0.00454727 0.0122546
1991	 0.111141 0.324512 0.351742 0.0677138 0.0210125 0.0373142 0.0545496 0.016774 0.00519604 0.0100448
1992	 0.0911596 0.166642 0.286296 0.292758 0.0604567 0.0171379 0.0267094 0.0363787 0.0122088 0.0102536
1993	 0.0741197 0.142779 0.157388 0.254602 0.241983 0.054172 0.0140628 0.0194535 0.0249241 0.0165162
1994	 0.116354 0.115205 0.131426 0.141449 0.210461 0.186339 0.045568 0.0109362 0.0135544 0.0287072
1995	 0.447282 0.110814 0.0655673 0.071244 0.0735476 0.100759 0.0850234 0.0226069 0.00508408 0.0180713
1996	 0.183541 0.487847 0.0769792 0.0422548 0.042904 0.0426268 0.0547114 0.0444971 0.0127389 0.0118999
1997	 0.0945331 0.260928 0.399429 0.0687586 0.0331608 0.031182 0.0301018 0.0364345 0.0287472 0.0167254
1998	 0.113 0.143056 0.234281 0.328919 0.061735 0.024714 0.0214539 0.0201715 0.0231967 0.0294723
2000	 0.507946 0.122046 0.0831705 0.0615468 0.0844849 0.0930374 0.0213286 0.00607469 0.00463816 0.0157264
2001	 0.352439 0.426132 0.0648308 0.0395922 0.0278015 0.034633 0.0354815 0.00908871 0.00231069 0.0076907
2002	 0.066561 0.461132 0.322393 0.0519059 0.0265115 0.0179554 0.0210614 0.0205367 0.0058289 0.00611402
2003	 0.0692325 0.108385 0.420765 0.278615 0.0490687 0.021037 0.0139073 0.0154361 0.0144387 0.00911497
2004	 0.072658 0.11177 0.109863 0.368638 0.234446 0.045888 0.016745 0.0108283 0.0114456 0.0177186
2005	 0.31436 0.0907631 0.0807859 0.0793894 0.228197 0.142984 0.0308512 0.00976991 0.00621946 0.0166799
2006	 0.494783 0.240419 0.0429877 0.0336087 0.0324499 0.0812717 0.0510162 0.0119745 0.00338839 0.00810099
2007	 0.3289 0.431922 0.124586 0.0226394 0.0150065 0.0145002 0.0322094 0.0204074 0.00514326 0.00468536
2008	 0.36137 0.297621 0.225716 0.0638654 0.0119854 0.00684242 0.00665033 0.0132229 0.00846106 0.00426547
2009	 0.147268 0.42451 0.208475 0.147006 0.0424301 0.00823542 0.00406293 0.00392823 0.00705691 0.00702769
2010	 0.0689025 0.218612 0.362455 0.176021 0.116725 0.0349629 0.00692196 0.00297345 0.00284105 0.00958553
2012	 0.0778609 0.332075 0.0817151 0.136137 0.192432 0.0958645 0.0561701 0.0179583 0.00358311 0.00620389
2013	 0.73625 0.0384607 0.086713 0.0222591 0.0325963 0.0433554 0.0220928 0.0121583 0.00399028 0.00212377

Survey 2 age composition, actual
1984	 0.0008 0.00864 0.05846 0.13429 0.22515 0.40913 0.12509 0.02138 0.0143 0.00275
1987	 0.01968 0.28078 0.1338 0.10749 0.07048 0.13015 0.06044 0.03402 0.13566 0.02749
1989	 0.19089 0.05802 0.04346 0.22221 0.27517 0.09544 0.04978 0.02595 0.02389 0.0152
1990	 0.05583 0.21898 0.04213 0.04069 0.18286 0.20992 0.06486 0.09624 0.02277 0.06571
1993	 0.13444 0.06866 0.04915 0.17656 0.25778 0.08831 0.03196 0.06657 0.07394 0.05264
1996	 0.2185 0.14488 0.01946 0.0294 0.0563 0.07107 0.1962 0.09857 0.05892 0.1067
1999	 0.1516 0.02648 0.02893 0.09223 0.16432 0.07847 0.08156 0.06591 0.07792 0.23259
2001	 0.57642 0.16341 0.04806 0.04662 0.03498 0.04671 0.05167 0.01145 0.00802 0.01265
2003	 0.13198 0.03218 0.22458 0.24615 0.12815 0.07821 0.06313 0.0442 0.02538 0.02604
2005	 0.42465 0.05297 0.05405 0.05632 0.14415 0.1238 0.07105 0.03277 0.01509 0.02514
2007	 0.32556 0.17953 0.16576 0.06942 0.03598 0.03536 0.10286 0.05822 0.01243 0.01488
2009	 0.27071 0.10605 0.1297 0.15707 0.12296 0.03304 0.02136 0.0323 0.06546 0.06135
2011	 0.27369 0.10612 0.12145 0.11169 0.17954 0.1185 0.03647 0.00783 0.00624 0.03848

Survey 2 age composition, estimated
1984	 0.115973 0.045102 0.0538757 0.0597552 0.180538 0.252565 0.14595 0.0886156 0.040047 0.0175778
1987	 0.0533949 0.0844189 0.263913 0.0823202 0.0651952 0.0612754 0.0593643 0.114862 0.1181 0.0971567
1989	 0.406957 0.0433488 0.0223981 0.0804443 0.199726 0.0690376 0.0419655 0.031534 0.023652 0.0809373
1990	 0.271657 0.185713 0.0502318 0.0270443 0.0883331 0.193842 0.0692426 0.0343365 0.0220953 0.057504
1993	 0.0644149 0.0461794 0.0797458 0.196661 0.272511 0.0819698 0.034751 0.067462 0.0957266 0.060579
1996	 0.177292 0.173841 0.0412351 0.0363253 0.0574235 0.0890322 0.161731 0.163638 0.0515192 0.0479636
1999	 0.129357 0.0552477 0.065611 0.15414 0.271798 0.0734548 0.040129 0.0435566 0.0464437 0.120262
2001	 0.413297 0.181412 0.0408246 0.0387975 0.0433446 0.0837133 0.115965 0.0345786 0.0115474 0.0365195
2003	 0.0786633 0.0477282 0.267937 0.262821 0.0655349 0.0472111 0.0465099 0.0685187 0.0723796 0.0426959
2005	 0.254063 0.0271202 0.0358867 0.0594618 0.241215 0.214836 0.0598608 0.0285854 0.0215796 0.0573922
2007	 0.394372 0.188652 0.0803237 0.0218981 0.0236971 0.0392048 0.115053 0.0888803 0.0250552 0.0228641
2009	 0.207437 0.221811 0.16634 0.17793 0.0749396 0.0213531 0.0170609 0.0227209 0.0457068 0.0447007
2011	 0.228449 0.0336557 0.0949049 0.215348 0.160352 0.150064 0.06213 0.0161558 0.00788252 0.031058

Survey 3 age composition, actual
1989	 0 0.01587 0.01975 0.18064 0.31108 0.18503 0.11148 0.06147 0.0354488 0.07924
1990	 0 0.04474 0.0204 0.0376 0.10328 0.33932 0.14045 0.15211 0.0482529 0.11385
1992	 0 0.02645 0.02791 0.08342 0.11674 0.08555 0.10218 0.23131 0.0943685 0.23206
1993	 0 0.02645 0.02791 0.08342 0.11674 0.08555 0.10218 0.23131 0.0943685 0.23206
1994	 0 0.22995 0.31027 0.08385 0.26917 0.05719 0.01347 0.00771 0.0107815 0.01762
1996	 0 0.12134 0.02264 0.01822 0.05592 0.0969 0.19635 0.23501 0.0819762 0.17164
1997	 0 0.05892 0.15373 0.06154 0.0473 0.08508 0.11858 0.20422 0.155098 0.11553
1998	 0 0.00908 0.0706 0.13416 0.09965 0.07376 0.09875 0.12523 0.184459 0.20431
2000	 0.03717 0.02602 0.0948 0.07807 0.1171 0.17658 0.10781 0.0539 0.06506 0.243494
2002	 0.00929 0.07435 0.18401 0.19331 0.1487 0.1171 0.10595 0.07063 0.04461 0.0520446
2004	 0.00505 0.00842 0.05724 0.19865 0.26263 0.14983 0.10774 0.06734 0.05892 0.0841751
2006	 0.00508 0.0423 0.11168 0.08291 0.14721 0.30118 0.16582 0.05922 0.03553 0.0490694
2008	 0 0.03518 0.40704 0.134 0.0536 0.067 0.04355 0.1541 0.04523 0.0603015
2010	 0.00171 0.04444 0.14017 0.26496 0.25983 0.08376 0.05641 0.0188 0.03761 0.0923077
2012	 0.00178 0.04626 0.14591 0.2758 0.27046 0.08719 0.05872 0.01957 0.03915 0.0551601

Survey 3 age composition, estimated
1989	 0.0128948 0.0166364 0.0329821 0.167768 0.369208 0.10443 0.0491612 0.0341023 0.0291417 0.183676
1990	 0.00992249 0.0759648 0.0704685 0.0584944 0.162031 0.290617 0.0903802 0.0393749 0.027187 0.17556
1992	 0.00217989 0.0200743 0.163679 0.371923 0.0956278 0.0339201 0.0654643 0.102658 0.0391767 0.105297
1993	 0.00140421 0.0125042 0.0734577 0.262424 0.319123 0.0795912 0.0257801 0.0464118 0.0696574 0.109646
1994	 0.00192445 0.00925825 0.0533396 0.133637 0.258597 0.261506 0.070768 0.022215 0.0379123 0.150842
1996	 0.00633542 0.0665963 0.0547533 0.0756041 0.102611 0.120929 0.183057 0.173736 0.0564084 0.15997
1997	 0.00276599 0.0365713 0.248706 0.0925999 0.0649368 0.0721309 0.0836006 0.123122 0.115795 0.159771
1998	 0.0024108 0.0154725 0.125175 0.374946 0.0854148 0.0423903 0.0439502 0.0515803 0.0748929 0.183767
2000	 0.0164808 0.0186246 0.0661386 0.115151 0.207423 0.259666 0.06539 0.0243575 0.0242422 0.202526
2002	 0.00350789 0.0883448 0.300868 0.10519 0.0793066 0.0642688 0.0907216 0.103372 0.0330549 0.131366
2004	 0.00134069 0.00935714 0.0569278 0.368367 0.30032 0.0662181 0.0300593 0.0244342 0.0336913 0.109285
2006	 0.0204741 0.0430301 0.0407003 0.0766655 0.102076 0.291697 0.208359 0.0554922 0.0216895 0.139816
2008	 0.0213634 0.0818645 0.30482 0.195745 0.0492349 0.0351957 0.0430609 0.100167 0.0748758 0.0936725
2010	 0.00215114 0.0324349 0.241186 0.272343 0.242605 0.0830073 0.0190209 0.0106095 0.0140772 0.0825657
2012	 0.00202317 0.0322004 0.0449599 0.174218 0.318154 0.1836 0.126162 0.0463187 0.0112883 0.061076

Fishery c-a-l, actual
1964	 0 0.0004 0.05658 0.25321 0.53612 0.11717 0.02408 0.01244
1965	 0 0.0106 0.05913 0.41967 0.41677 0.08965 0.00386 0.00032
1966	 0 0.00018 0.01728 0.16863 0.47023 0.25935 0.07353 0.01079
1967	 0 0 0.00321 0.14437 0.34729 0.24572 0.16406 0.09535
1968	 0 0 0.00151 0.13218 0.5642 0.15332 0.09517 0.05363
1969	 0 0 0 0.13529 0.62206 0.19706 0.04412 0.00147
1970	 0 0.00043 0.02744 0.45026 0.4241 0.08105 0.01372 0.003
1971	 0 0.00417 0.17917 0.45833 0.3175 0.03833 0.0025 0
1974	 0 0 0.00084 0.14298 0.6087 0.22826 0.01923 0

Fishery c-a-l, estimated
1964	 0 0.000374459 0.0278901 0.258134 0.431133 0.199385 0.0718432 0.0112364
1965	 0 0.000378959 0.0281563 0.2594 0.430233 0.198755 0.0718142 0.011259
1966	 0 0.000391325 0.0288527 0.262619 0.427968 0.197169 0.0716906 0.0113067
1967	 0 0.000408336 0.0301647 0.271047 0.427185 0.191102 0.0691468 0.0109433
1968	 0 0.000403235 0.0302285 0.274836 0.43113 0.187077 0.0659886 0.0103327
1969	 0 0.000535598 0.0288548 0.257258 0.438466 0.195431 0.0687549 0.0106965
1970	 0 0.00095331 0.0571604 0.38653 0.360302 0.138032 0.0492921 0.0077278
1971	 0 0.000661957 0.0544424 0.420186 0.397321 0.0967085 0.0266791 0.00399732
1974	 0 0.00503341 0.181318 0.322545 0.279195 0.140801 0.0612488 0.00985749

Survey 1 length composition, actual
1981	 0 0.34311 0.28693 0.27433 0.08289 0.01117 0.00158
1983	 0 0.1706 0.08509 0.4347 0.28821 0.02004 0.00135
1984	 0 0.02162 0.10538 0.24059 0.60005 0.02974 0.00262
1985	 0 0.24669 0.03893 0.21068 0.44584 0.05352 0.00434
1986	 0 0.76651 0.06671 0.01491 0.11445 0.03496 0.00246
1988	 0 0.12909 0.73186 0.10552 0.01889 0.01133 0.0033
1989	 0 0.12326 0.22184 0.5162 0.1052 0.02553 0.00797
1990	 0 0.70207 0.053 0.10296 0.11661 0.01946 0.00591
1991	 0 0.32644 0.38111 0.05796 0.15333 0.06057 0.02058
1992	 0 0.03267 0.25621 0.29955 0.19125 0.16542 0.0549
1993	 0 0.1041 0.04357 0.38434 0.31357 0.10226 0.05216
1994	 0 0.06166 0.07409 0.05655 0.48097 0.19572 0.13102
1995	 0 0.39722 0.04685 0.06655 0.32947 0.13052 0.02939
1996	 0 0.83754 0.02651 0.00404 0.05257 0.06397 0.01537
1997	 0 0.41854 0.39933 0.02732 0.03203 0.09147 0.03132
1998	 0 0.09065 0.45581 0.25088 0.0414 0.10548 0.05578
2000	 0 0.59352 0.15457 0.06494 0.11827 0.04056 0.02814
2001	 0 0.90094 0.06373 0.01379 0.0112 0.00588 0.00446
2002	 0 0.56292 0.38993 0.02004 0.01366 0.00989 0.00356
2003	 0 0.06432 0.7678 0.14169 0.0178 0.00545 0.00295
2004	 0 0.10393 0.22207 0.43907 0.20311 0.02376 0.00805
2005	 0 0.2451 0.07352 0.19145 0.42568 0.05375 0.01049
2006	 0 0.77115 0.04127 0.01563 0.07677 0.07282 0.02236
2007	 0 0.4655 0.30824 0.05659 0.05012 0.07243 0.04712
2008	 0 0.55127 0.29407 0.09259 0.02593 0.00914 0.027

Survey 1 length composition, estimated
1981	 0.0713108 0.349439 0.312731 0.150049 0.0888466 0.0229289 0.00469469
1983	 0.109255 0.159485 0.176135 0.214382 0.238876 0.0840518 0.017815
1984	 0.152503 0.176115 0.141334 0.138142 0.239273 0.122581 0.030052
1985	 0.451433 0.155991 0.0929295 0.067661 0.121127 0.0846768 0.0261826
1986	 0.141596 0.532911 0.106701 0.0589613 0.0766342 0.0602259 0.0229714
1988	 0.150037 0.103668 0.266336 0.232963 0.159305 0.061459 0.026234
1989	 0.457646 0.136329 0.0828736 0.114375 0.137452 0.0538954 0.0174292
1990	 0.244389 0.459512 0.0809134 0.052472 0.0946307 0.0527488 0.0153341
1991	 0.111141 0.367071 0.279867 0.0952942 0.0763767 0.0526901 0.0175612
1992	 0.0911596 0.202985 0.307249 0.200774 0.125569 0.0528843 0.019379
1993	 0.0741197 0.16198 0.221866 0.228627 0.214339 0.075684 0.023385
1994	 0.116354 0.131266 0.1639 0.1759 0.259833 0.119343 0.0334044
1995	 0.447282 0.117964 0.0796218 0.0790375 0.151254 0.0957695 0.0290718
1996	 0.183541 0.490432 0.081004 0.0506156 0.0933282 0.0747129 0.0263675
